{
 "cells": [
  {
   "cell_type": "code",
   "execution_count": 1,
   "metadata": {
    "collapsed": true
   },
   "outputs": [],
   "source": [
    "import numpy as np\n",
    "import pandas as pd\n",
    "import matplotlib.pyplot as plt\n",
    "from IPython.display import display, HTML\n",
    "\n",
    "########### Question 1 ###########\n",
    "# Generate Data\n",
    "\n",
    "def datagen(mvec,cov,n):\n",
    "    return np.random.multivariate_normal(mvec,cov,n)\n",
    "   "
   ]
  },
  {
   "cell_type": "code",
   "execution_count": 2,
   "metadata": {},
   "outputs": [],
   "source": [
    "# load mean vectors + covariance matrix\n",
    "data1 = pd.read_csv('hwk2_datasets/DS1_m_0.txt', sep=\",\", header=None)\n",
    "data2 = pd.read_csv('hwk2_datasets/DS1_m_1.txt', sep=\",\", header=None)\n",
    "data3 = pd.read_csv('hwk2_datasets/DS1_Cov.txt', sep=\",\", header=None)\n",
    "\n",
    "#df1 = pd.DataFrame(data1)\n",
    "#df2 = pd.DataFrame(data2)\n",
    "#df3 = pd.DataFrame(data3)\n",
    "#display(df1)\n",
    "#display(df2)\n",
    "#display(df3)\n",
    "\n",
    "ms0 = data1.values\n",
    "ms0 = np.delete(ms0,-1,1)\n",
    "ms0 = np.squeeze(ms0)\n",
    "ms1 = data2.values\n",
    "ms1 = np.delete(ms1,-1,1)\n",
    "ms1 = np.squeeze(ms1)\n",
    "cov = data3.values\n",
    "cov = np.delete(cov,-1,1)\n",
    "\n",
    "negative = datagen(ms0,cov,2000)\n",
    "positive = datagen(ms1,cov,2000)\n",
    "\n",
    "\n",
    "# label as negative or positive (negative = -1000, positive = 1000)\n",
    "nlabel = np.full((negative.shape[0],1),-1000)\n",
    "plabel = np.full((positive.shape[0],1),1000)\n",
    "\n",
    "negative = np.hstack((negative, nlabel))\n",
    "positive = np.hstack((positive, plabel))"
   ]
  },
  {
   "cell_type": "code",
   "execution_count": 3,
   "metadata": {
    "collapsed": true
   },
   "outputs": [],
   "source": [
    "# separate training and test sets\n",
    "np.random.shuffle(negative)\n",
    "np.random.shuffle(positive)\n",
    "\n",
    "DS1_train = np.concatenate((negative[600:],positive[600:]))\n",
    "DS1_test = np.concatenate((negative[0:600],positive[0:600]))\n",
    "\n",
    "np.savetxt(\"hwk2_datasets/DS1/DS1_train.csv\",DS1_train,delimiter=\",\")\n",
    "np.savetxt(\"hwk2_datasets/DS1/DS1_test.csv\",DS1_test,delimiter=\",\")"
   ]
  },
  {
   "cell_type": "code",
   "execution_count": 4,
   "metadata": {},
   "outputs": [],
   "source": [
    "########### Question 2 ###########\n",
    "## LDA\n",
    "\n",
    "# load data\n",
    "data1 = pd.read_csv(\"hwk2_datasets/DS1/DS1_train.csv\", header=None)\n",
    "data2 = pd.read_csv(\"hwk2_datasets/DS1/DS1_test.csv\", header=None)\n",
    "\n",
    "train = data1.values\n",
    "test = data2.values\n",
    "\n",
    "np.random.shuffle(train)\n",
    "np.random.shuffle(test)\n",
    "\n",
    "# x and y values\n",
    "x_train = train[:,0:-1]\n",
    "y_train = train[:,-1]\n",
    "x_test = test[:,0:-1]\n",
    "y_test = test[:,-1]"
   ]
  },
  {
   "cell_type": "code",
   "execution_count": 5,
   "metadata": {},
   "outputs": [
    {
     "data": {
      "text/html": [
       "<div>\n",
       "<style>\n",
       "    .dataframe thead tr:only-child th {\n",
       "        text-align: right;\n",
       "    }\n",
       "\n",
       "    .dataframe thead th {\n",
       "        text-align: left;\n",
       "    }\n",
       "\n",
       "    .dataframe tbody tr th {\n",
       "        vertical-align: top;\n",
       "    }\n",
       "</style>\n",
       "<table border=\"1\" class=\"dataframe\">\n",
       "  <thead>\n",
       "    <tr style=\"text-align: right;\">\n",
       "      <th></th>\n",
       "      <th>0</th>\n",
       "      <th>1</th>\n",
       "      <th>2</th>\n",
       "      <th>3</th>\n",
       "      <th>4</th>\n",
       "      <th>5</th>\n",
       "      <th>6</th>\n",
       "      <th>7</th>\n",
       "      <th>8</th>\n",
       "      <th>9</th>\n",
       "      <th>10</th>\n",
       "      <th>11</th>\n",
       "      <th>12</th>\n",
       "      <th>13</th>\n",
       "      <th>14</th>\n",
       "      <th>15</th>\n",
       "      <th>16</th>\n",
       "      <th>17</th>\n",
       "      <th>18</th>\n",
       "      <th>19</th>\n",
       "    </tr>\n",
       "  </thead>\n",
       "  <tbody>\n",
       "    <tr>\n",
       "      <th>Neg Mean</th>\n",
       "      <td>1.217460</td>\n",
       "      <td>1.210236</td>\n",
       "      <td>1.200920</td>\n",
       "      <td>1.216288</td>\n",
       "      <td>1.187325</td>\n",
       "      <td>1.224769</td>\n",
       "      <td>1.165722</td>\n",
       "      <td>1.232455</td>\n",
       "      <td>1.228645</td>\n",
       "      <td>1.166006</td>\n",
       "      <td>1.214454</td>\n",
       "      <td>1.232744</td>\n",
       "      <td>1.172405</td>\n",
       "      <td>1.243096</td>\n",
       "      <td>1.213131</td>\n",
       "      <td>1.180325</td>\n",
       "      <td>1.253890</td>\n",
       "      <td>1.222228</td>\n",
       "      <td>1.218916</td>\n",
       "      <td>1.180524</td>\n",
       "    </tr>\n",
       "    <tr>\n",
       "      <th>Pos Mean</th>\n",
       "      <td>2.116734</td>\n",
       "      <td>2.101175</td>\n",
       "      <td>2.039455</td>\n",
       "      <td>2.099158</td>\n",
       "      <td>2.138343</td>\n",
       "      <td>2.083632</td>\n",
       "      <td>2.076554</td>\n",
       "      <td>2.101983</td>\n",
       "      <td>2.046757</td>\n",
       "      <td>2.110409</td>\n",
       "      <td>2.103519</td>\n",
       "      <td>2.106610</td>\n",
       "      <td>2.083266</td>\n",
       "      <td>2.140545</td>\n",
       "      <td>2.092506</td>\n",
       "      <td>2.176062</td>\n",
       "      <td>2.081606</td>\n",
       "      <td>2.144190</td>\n",
       "      <td>2.117653</td>\n",
       "      <td>2.134117</td>\n",
       "    </tr>\n",
       "  </tbody>\n",
       "</table>\n",
       "</div>"
      ],
      "text/plain": [
       "                0         1         2         3         4         5   \\\n",
       "Neg Mean  1.217460  1.210236  1.200920  1.216288  1.187325  1.224769   \n",
       "Pos Mean  2.116734  2.101175  2.039455  2.099158  2.138343  2.083632   \n",
       "\n",
       "                6         7         8         9         10        11  \\\n",
       "Neg Mean  1.165722  1.232455  1.228645  1.166006  1.214454  1.232744   \n",
       "Pos Mean  2.076554  2.101983  2.046757  2.110409  2.103519  2.106610   \n",
       "\n",
       "                12        13        14        15        16        17  \\\n",
       "Neg Mean  1.172405  1.243096  1.213131  1.180325  1.253890  1.222228   \n",
       "Pos Mean  2.083266  2.140545  2.092506  2.176062  2.081606  2.144190   \n",
       "\n",
       "                18        19  \n",
       "Neg Mean  1.218916  1.180524  \n",
       "Pos Mean  2.117653  2.134117  "
      ]
     },
     "metadata": {},
     "output_type": "display_data"
    },
    {
     "name": "stdout",
     "output_type": "stream",
     "text": [
      "Covariance:\n"
     ]
    },
    {
     "data": {
      "text/html": [
       "<div>\n",
       "<style>\n",
       "    .dataframe thead tr:only-child th {\n",
       "        text-align: right;\n",
       "    }\n",
       "\n",
       "    .dataframe thead th {\n",
       "        text-align: left;\n",
       "    }\n",
       "\n",
       "    .dataframe tbody tr th {\n",
       "        vertical-align: top;\n",
       "    }\n",
       "</style>\n",
       "<table border=\"1\" class=\"dataframe\">\n",
       "  <thead>\n",
       "    <tr style=\"text-align: right;\">\n",
       "      <th></th>\n",
       "      <th>0</th>\n",
       "      <th>1</th>\n",
       "      <th>2</th>\n",
       "      <th>3</th>\n",
       "      <th>4</th>\n",
       "      <th>5</th>\n",
       "      <th>6</th>\n",
       "      <th>7</th>\n",
       "      <th>8</th>\n",
       "      <th>9</th>\n",
       "      <th>10</th>\n",
       "      <th>11</th>\n",
       "      <th>12</th>\n",
       "      <th>13</th>\n",
       "      <th>14</th>\n",
       "      <th>15</th>\n",
       "      <th>16</th>\n",
       "      <th>17</th>\n",
       "      <th>18</th>\n",
       "      <th>19</th>\n",
       "    </tr>\n",
       "  </thead>\n",
       "  <tbody>\n",
       "    <tr>\n",
       "      <th>0</th>\n",
       "      <td>7.497198</td>\n",
       "      <td>5.300577</td>\n",
       "      <td>5.796607</td>\n",
       "      <td>4.914541</td>\n",
       "      <td>5.620579</td>\n",
       "      <td>5.818427</td>\n",
       "      <td>4.378803</td>\n",
       "      <td>5.071256</td>\n",
       "      <td>4.745825</td>\n",
       "      <td>4.964389</td>\n",
       "      <td>3.725209</td>\n",
       "      <td>5.053845</td>\n",
       "      <td>6.816327</td>\n",
       "      <td>5.683798</td>\n",
       "      <td>5.815961</td>\n",
       "      <td>5.697846</td>\n",
       "      <td>5.569020</td>\n",
       "      <td>5.463929</td>\n",
       "      <td>5.278768</td>\n",
       "      <td>5.734987</td>\n",
       "    </tr>\n",
       "    <tr>\n",
       "      <th>1</th>\n",
       "      <td>5.300577</td>\n",
       "      <td>6.615423</td>\n",
       "      <td>5.127035</td>\n",
       "      <td>4.219602</td>\n",
       "      <td>5.285787</td>\n",
       "      <td>5.291786</td>\n",
       "      <td>4.164979</td>\n",
       "      <td>3.722892</td>\n",
       "      <td>4.038139</td>\n",
       "      <td>4.832822</td>\n",
       "      <td>3.230749</td>\n",
       "      <td>4.475632</td>\n",
       "      <td>5.719167</td>\n",
       "      <td>4.879523</td>\n",
       "      <td>5.238374</td>\n",
       "      <td>5.028853</td>\n",
       "      <td>5.439381</td>\n",
       "      <td>4.936236</td>\n",
       "      <td>5.091470</td>\n",
       "      <td>5.183985</td>\n",
       "    </tr>\n",
       "    <tr>\n",
       "      <th>2</th>\n",
       "      <td>5.796607</td>\n",
       "      <td>5.127035</td>\n",
       "      <td>6.973305</td>\n",
       "      <td>4.684291</td>\n",
       "      <td>5.579782</td>\n",
       "      <td>6.265085</td>\n",
       "      <td>4.303052</td>\n",
       "      <td>4.505169</td>\n",
       "      <td>4.604570</td>\n",
       "      <td>4.807502</td>\n",
       "      <td>3.023433</td>\n",
       "      <td>4.464449</td>\n",
       "      <td>6.170026</td>\n",
       "      <td>4.868962</td>\n",
       "      <td>5.836574</td>\n",
       "      <td>5.660113</td>\n",
       "      <td>5.944674</td>\n",
       "      <td>4.744457</td>\n",
       "      <td>4.405508</td>\n",
       "      <td>4.954123</td>\n",
       "    </tr>\n",
       "    <tr>\n",
       "      <th>3</th>\n",
       "      <td>4.914541</td>\n",
       "      <td>4.219602</td>\n",
       "      <td>4.684291</td>\n",
       "      <td>5.633733</td>\n",
       "      <td>5.103480</td>\n",
       "      <td>4.363989</td>\n",
       "      <td>3.509713</td>\n",
       "      <td>4.153038</td>\n",
       "      <td>3.208623</td>\n",
       "      <td>4.020098</td>\n",
       "      <td>2.528450</td>\n",
       "      <td>4.053078</td>\n",
       "      <td>5.709109</td>\n",
       "      <td>4.532570</td>\n",
       "      <td>4.615258</td>\n",
       "      <td>4.877749</td>\n",
       "      <td>4.508401</td>\n",
       "      <td>4.402997</td>\n",
       "      <td>3.661073</td>\n",
       "      <td>5.685939</td>\n",
       "    </tr>\n",
       "    <tr>\n",
       "      <th>4</th>\n",
       "      <td>5.620579</td>\n",
       "      <td>5.285787</td>\n",
       "      <td>5.579782</td>\n",
       "      <td>5.103480</td>\n",
       "      <td>6.841359</td>\n",
       "      <td>5.188162</td>\n",
       "      <td>4.825340</td>\n",
       "      <td>4.091695</td>\n",
       "      <td>4.495342</td>\n",
       "      <td>4.885040</td>\n",
       "      <td>3.928982</td>\n",
       "      <td>4.836597</td>\n",
       "      <td>6.016318</td>\n",
       "      <td>5.563531</td>\n",
       "      <td>5.759613</td>\n",
       "      <td>5.918620</td>\n",
       "      <td>5.713484</td>\n",
       "      <td>4.952627</td>\n",
       "      <td>5.115340</td>\n",
       "      <td>5.595726</td>\n",
       "    </tr>\n",
       "    <tr>\n",
       "      <th>5</th>\n",
       "      <td>5.818427</td>\n",
       "      <td>5.291786</td>\n",
       "      <td>6.265085</td>\n",
       "      <td>4.363989</td>\n",
       "      <td>5.188162</td>\n",
       "      <td>6.412300</td>\n",
       "      <td>4.173129</td>\n",
       "      <td>4.636757</td>\n",
       "      <td>4.513193</td>\n",
       "      <td>5.074682</td>\n",
       "      <td>2.775842</td>\n",
       "      <td>4.635302</td>\n",
       "      <td>6.177343</td>\n",
       "      <td>4.720881</td>\n",
       "      <td>5.566605</td>\n",
       "      <td>5.751426</td>\n",
       "      <td>5.671995</td>\n",
       "      <td>4.764066</td>\n",
       "      <td>4.497831</td>\n",
       "      <td>5.087636</td>\n",
       "    </tr>\n",
       "    <tr>\n",
       "      <th>6</th>\n",
       "      <td>4.378803</td>\n",
       "      <td>4.164979</td>\n",
       "      <td>4.303052</td>\n",
       "      <td>3.509713</td>\n",
       "      <td>4.825340</td>\n",
       "      <td>4.173129</td>\n",
       "      <td>4.967940</td>\n",
       "      <td>3.528793</td>\n",
       "      <td>3.764045</td>\n",
       "      <td>4.084573</td>\n",
       "      <td>2.864728</td>\n",
       "      <td>4.119521</td>\n",
       "      <td>4.441454</td>\n",
       "      <td>3.812692</td>\n",
       "      <td>4.486338</td>\n",
       "      <td>4.988594</td>\n",
       "      <td>4.057955</td>\n",
       "      <td>3.404566</td>\n",
       "      <td>4.341035</td>\n",
       "      <td>3.740380</td>\n",
       "    </tr>\n",
       "    <tr>\n",
       "      <th>7</th>\n",
       "      <td>5.071256</td>\n",
       "      <td>3.722892</td>\n",
       "      <td>4.505169</td>\n",
       "      <td>4.153038</td>\n",
       "      <td>4.091695</td>\n",
       "      <td>4.636757</td>\n",
       "      <td>3.528793</td>\n",
       "      <td>5.683777</td>\n",
       "      <td>3.323426</td>\n",
       "      <td>4.607229</td>\n",
       "      <td>2.273842</td>\n",
       "      <td>4.655732</td>\n",
       "      <td>5.888773</td>\n",
       "      <td>4.871616</td>\n",
       "      <td>4.667461</td>\n",
       "      <td>5.901730</td>\n",
       "      <td>4.279551</td>\n",
       "      <td>4.706996</td>\n",
       "      <td>4.486241</td>\n",
       "      <td>4.353783</td>\n",
       "    </tr>\n",
       "    <tr>\n",
       "      <th>8</th>\n",
       "      <td>4.745825</td>\n",
       "      <td>4.038139</td>\n",
       "      <td>4.604570</td>\n",
       "      <td>3.208623</td>\n",
       "      <td>4.495342</td>\n",
       "      <td>4.513193</td>\n",
       "      <td>3.764045</td>\n",
       "      <td>3.323426</td>\n",
       "      <td>4.803368</td>\n",
       "      <td>4.484648</td>\n",
       "      <td>2.995611</td>\n",
       "      <td>3.923231</td>\n",
       "      <td>4.900663</td>\n",
       "      <td>4.459729</td>\n",
       "      <td>4.729241</td>\n",
       "      <td>4.910234</td>\n",
       "      <td>4.912770</td>\n",
       "      <td>3.902084</td>\n",
       "      <td>4.055295</td>\n",
       "      <td>3.938201</td>\n",
       "    </tr>\n",
       "    <tr>\n",
       "      <th>9</th>\n",
       "      <td>4.964389</td>\n",
       "      <td>4.832822</td>\n",
       "      <td>4.807502</td>\n",
       "      <td>4.020098</td>\n",
       "      <td>4.885040</td>\n",
       "      <td>5.074682</td>\n",
       "      <td>4.084573</td>\n",
       "      <td>4.607229</td>\n",
       "      <td>4.484648</td>\n",
       "      <td>6.791757</td>\n",
       "      <td>3.127040</td>\n",
       "      <td>4.535938</td>\n",
       "      <td>6.573930</td>\n",
       "      <td>4.911664</td>\n",
       "      <td>4.789787</td>\n",
       "      <td>5.728722</td>\n",
       "      <td>4.560987</td>\n",
       "      <td>5.066691</td>\n",
       "      <td>4.254275</td>\n",
       "      <td>5.165330</td>\n",
       "    </tr>\n",
       "    <tr>\n",
       "      <th>10</th>\n",
       "      <td>3.725209</td>\n",
       "      <td>3.230749</td>\n",
       "      <td>3.023433</td>\n",
       "      <td>2.528450</td>\n",
       "      <td>3.928982</td>\n",
       "      <td>2.775842</td>\n",
       "      <td>2.864728</td>\n",
       "      <td>2.273842</td>\n",
       "      <td>2.995611</td>\n",
       "      <td>3.127040</td>\n",
       "      <td>3.250939</td>\n",
       "      <td>2.752680</td>\n",
       "      <td>3.502160</td>\n",
       "      <td>3.697414</td>\n",
       "      <td>3.389917</td>\n",
       "      <td>3.410968</td>\n",
       "      <td>3.437179</td>\n",
       "      <td>3.037259</td>\n",
       "      <td>3.567589</td>\n",
       "      <td>3.271759</td>\n",
       "    </tr>\n",
       "    <tr>\n",
       "      <th>11</th>\n",
       "      <td>5.053845</td>\n",
       "      <td>4.475632</td>\n",
       "      <td>4.464449</td>\n",
       "      <td>4.053078</td>\n",
       "      <td>4.836597</td>\n",
       "      <td>4.635302</td>\n",
       "      <td>4.119521</td>\n",
       "      <td>4.655732</td>\n",
       "      <td>3.923231</td>\n",
       "      <td>4.535938</td>\n",
       "      <td>2.752680</td>\n",
       "      <td>5.166126</td>\n",
       "      <td>5.858498</td>\n",
       "      <td>4.810454</td>\n",
       "      <td>4.652589</td>\n",
       "      <td>5.375212</td>\n",
       "      <td>4.897974</td>\n",
       "      <td>4.759213</td>\n",
       "      <td>4.811931</td>\n",
       "      <td>4.410689</td>\n",
       "    </tr>\n",
       "    <tr>\n",
       "      <th>12</th>\n",
       "      <td>6.816327</td>\n",
       "      <td>5.719167</td>\n",
       "      <td>6.170026</td>\n",
       "      <td>5.709109</td>\n",
       "      <td>6.016318</td>\n",
       "      <td>6.177343</td>\n",
       "      <td>4.441454</td>\n",
       "      <td>5.888773</td>\n",
       "      <td>4.900663</td>\n",
       "      <td>6.573930</td>\n",
       "      <td>3.502160</td>\n",
       "      <td>5.858498</td>\n",
       "      <td>8.856671</td>\n",
       "      <td>6.006454</td>\n",
       "      <td>6.040938</td>\n",
       "      <td>6.341942</td>\n",
       "      <td>5.831454</td>\n",
       "      <td>6.200011</td>\n",
       "      <td>5.569270</td>\n",
       "      <td>7.129494</td>\n",
       "    </tr>\n",
       "    <tr>\n",
       "      <th>13</th>\n",
       "      <td>5.683798</td>\n",
       "      <td>4.879523</td>\n",
       "      <td>4.868962</td>\n",
       "      <td>4.532570</td>\n",
       "      <td>5.563531</td>\n",
       "      <td>4.720881</td>\n",
       "      <td>3.812692</td>\n",
       "      <td>4.871616</td>\n",
       "      <td>4.459729</td>\n",
       "      <td>4.911664</td>\n",
       "      <td>3.697414</td>\n",
       "      <td>4.810454</td>\n",
       "      <td>6.006454</td>\n",
       "      <td>6.674070</td>\n",
       "      <td>5.636136</td>\n",
       "      <td>5.937451</td>\n",
       "      <td>5.484106</td>\n",
       "      <td>5.411088</td>\n",
       "      <td>5.610277</td>\n",
       "      <td>5.266577</td>\n",
       "    </tr>\n",
       "    <tr>\n",
       "      <th>14</th>\n",
       "      <td>5.815961</td>\n",
       "      <td>5.238374</td>\n",
       "      <td>5.836574</td>\n",
       "      <td>4.615258</td>\n",
       "      <td>5.759613</td>\n",
       "      <td>5.566605</td>\n",
       "      <td>4.486338</td>\n",
       "      <td>4.667461</td>\n",
       "      <td>4.729241</td>\n",
       "      <td>4.789787</td>\n",
       "      <td>3.389917</td>\n",
       "      <td>4.652589</td>\n",
       "      <td>6.040938</td>\n",
       "      <td>5.636136</td>\n",
       "      <td>6.763811</td>\n",
       "      <td>6.931741</td>\n",
       "      <td>5.604654</td>\n",
       "      <td>4.931463</td>\n",
       "      <td>5.240306</td>\n",
       "      <td>5.568326</td>\n",
       "    </tr>\n",
       "    <tr>\n",
       "      <th>15</th>\n",
       "      <td>5.697846</td>\n",
       "      <td>5.028853</td>\n",
       "      <td>5.660113</td>\n",
       "      <td>4.877749</td>\n",
       "      <td>5.918620</td>\n",
       "      <td>5.751426</td>\n",
       "      <td>4.988594</td>\n",
       "      <td>5.901730</td>\n",
       "      <td>4.910234</td>\n",
       "      <td>5.728722</td>\n",
       "      <td>3.410968</td>\n",
       "      <td>5.375212</td>\n",
       "      <td>6.341942</td>\n",
       "      <td>5.937451</td>\n",
       "      <td>6.931741</td>\n",
       "      <td>9.058549</td>\n",
       "      <td>5.598228</td>\n",
       "      <td>5.673831</td>\n",
       "      <td>5.378006</td>\n",
       "      <td>5.758295</td>\n",
       "    </tr>\n",
       "    <tr>\n",
       "      <th>16</th>\n",
       "      <td>5.569020</td>\n",
       "      <td>5.439381</td>\n",
       "      <td>5.944674</td>\n",
       "      <td>4.508401</td>\n",
       "      <td>5.713484</td>\n",
       "      <td>5.671995</td>\n",
       "      <td>4.057955</td>\n",
       "      <td>4.279551</td>\n",
       "      <td>4.912770</td>\n",
       "      <td>4.560987</td>\n",
       "      <td>3.437179</td>\n",
       "      <td>4.897974</td>\n",
       "      <td>5.831454</td>\n",
       "      <td>5.484106</td>\n",
       "      <td>5.604654</td>\n",
       "      <td>5.598228</td>\n",
       "      <td>6.541034</td>\n",
       "      <td>5.028189</td>\n",
       "      <td>5.107761</td>\n",
       "      <td>4.832162</td>\n",
       "    </tr>\n",
       "    <tr>\n",
       "      <th>17</th>\n",
       "      <td>5.463929</td>\n",
       "      <td>4.936236</td>\n",
       "      <td>4.744457</td>\n",
       "      <td>4.402997</td>\n",
       "      <td>4.952627</td>\n",
       "      <td>4.764066</td>\n",
       "      <td>3.404566</td>\n",
       "      <td>4.706996</td>\n",
       "      <td>3.902084</td>\n",
       "      <td>5.066691</td>\n",
       "      <td>3.037259</td>\n",
       "      <td>4.759213</td>\n",
       "      <td>6.200011</td>\n",
       "      <td>5.411088</td>\n",
       "      <td>4.931463</td>\n",
       "      <td>5.673831</td>\n",
       "      <td>5.028189</td>\n",
       "      <td>5.818187</td>\n",
       "      <td>4.619722</td>\n",
       "      <td>5.034059</td>\n",
       "    </tr>\n",
       "    <tr>\n",
       "      <th>18</th>\n",
       "      <td>5.278768</td>\n",
       "      <td>5.091470</td>\n",
       "      <td>4.405508</td>\n",
       "      <td>3.661073</td>\n",
       "      <td>5.115340</td>\n",
       "      <td>4.497831</td>\n",
       "      <td>4.341035</td>\n",
       "      <td>4.486241</td>\n",
       "      <td>4.055295</td>\n",
       "      <td>4.254275</td>\n",
       "      <td>3.567589</td>\n",
       "      <td>4.811931</td>\n",
       "      <td>5.569270</td>\n",
       "      <td>5.610277</td>\n",
       "      <td>5.240306</td>\n",
       "      <td>5.378006</td>\n",
       "      <td>5.107761</td>\n",
       "      <td>4.619722</td>\n",
       "      <td>6.090866</td>\n",
       "      <td>4.679097</td>\n",
       "    </tr>\n",
       "    <tr>\n",
       "      <th>19</th>\n",
       "      <td>5.734987</td>\n",
       "      <td>5.183985</td>\n",
       "      <td>4.954123</td>\n",
       "      <td>5.685939</td>\n",
       "      <td>5.595726</td>\n",
       "      <td>5.087636</td>\n",
       "      <td>3.740380</td>\n",
       "      <td>4.353783</td>\n",
       "      <td>3.938201</td>\n",
       "      <td>5.165330</td>\n",
       "      <td>3.271759</td>\n",
       "      <td>4.410689</td>\n",
       "      <td>7.129494</td>\n",
       "      <td>5.266577</td>\n",
       "      <td>5.568326</td>\n",
       "      <td>5.758295</td>\n",
       "      <td>4.832162</td>\n",
       "      <td>5.034059</td>\n",
       "      <td>4.679097</td>\n",
       "      <td>7.777222</td>\n",
       "    </tr>\n",
       "  </tbody>\n",
       "</table>\n",
       "</div>"
      ],
      "text/plain": [
       "          0         1         2         3         4         5         6   \\\n",
       "0   7.497198  5.300577  5.796607  4.914541  5.620579  5.818427  4.378803   \n",
       "1   5.300577  6.615423  5.127035  4.219602  5.285787  5.291786  4.164979   \n",
       "2   5.796607  5.127035  6.973305  4.684291  5.579782  6.265085  4.303052   \n",
       "3   4.914541  4.219602  4.684291  5.633733  5.103480  4.363989  3.509713   \n",
       "4   5.620579  5.285787  5.579782  5.103480  6.841359  5.188162  4.825340   \n",
       "5   5.818427  5.291786  6.265085  4.363989  5.188162  6.412300  4.173129   \n",
       "6   4.378803  4.164979  4.303052  3.509713  4.825340  4.173129  4.967940   \n",
       "7   5.071256  3.722892  4.505169  4.153038  4.091695  4.636757  3.528793   \n",
       "8   4.745825  4.038139  4.604570  3.208623  4.495342  4.513193  3.764045   \n",
       "9   4.964389  4.832822  4.807502  4.020098  4.885040  5.074682  4.084573   \n",
       "10  3.725209  3.230749  3.023433  2.528450  3.928982  2.775842  2.864728   \n",
       "11  5.053845  4.475632  4.464449  4.053078  4.836597  4.635302  4.119521   \n",
       "12  6.816327  5.719167  6.170026  5.709109  6.016318  6.177343  4.441454   \n",
       "13  5.683798  4.879523  4.868962  4.532570  5.563531  4.720881  3.812692   \n",
       "14  5.815961  5.238374  5.836574  4.615258  5.759613  5.566605  4.486338   \n",
       "15  5.697846  5.028853  5.660113  4.877749  5.918620  5.751426  4.988594   \n",
       "16  5.569020  5.439381  5.944674  4.508401  5.713484  5.671995  4.057955   \n",
       "17  5.463929  4.936236  4.744457  4.402997  4.952627  4.764066  3.404566   \n",
       "18  5.278768  5.091470  4.405508  3.661073  5.115340  4.497831  4.341035   \n",
       "19  5.734987  5.183985  4.954123  5.685939  5.595726  5.087636  3.740380   \n",
       "\n",
       "          7         8         9         10        11        12        13  \\\n",
       "0   5.071256  4.745825  4.964389  3.725209  5.053845  6.816327  5.683798   \n",
       "1   3.722892  4.038139  4.832822  3.230749  4.475632  5.719167  4.879523   \n",
       "2   4.505169  4.604570  4.807502  3.023433  4.464449  6.170026  4.868962   \n",
       "3   4.153038  3.208623  4.020098  2.528450  4.053078  5.709109  4.532570   \n",
       "4   4.091695  4.495342  4.885040  3.928982  4.836597  6.016318  5.563531   \n",
       "5   4.636757  4.513193  5.074682  2.775842  4.635302  6.177343  4.720881   \n",
       "6   3.528793  3.764045  4.084573  2.864728  4.119521  4.441454  3.812692   \n",
       "7   5.683777  3.323426  4.607229  2.273842  4.655732  5.888773  4.871616   \n",
       "8   3.323426  4.803368  4.484648  2.995611  3.923231  4.900663  4.459729   \n",
       "9   4.607229  4.484648  6.791757  3.127040  4.535938  6.573930  4.911664   \n",
       "10  2.273842  2.995611  3.127040  3.250939  2.752680  3.502160  3.697414   \n",
       "11  4.655732  3.923231  4.535938  2.752680  5.166126  5.858498  4.810454   \n",
       "12  5.888773  4.900663  6.573930  3.502160  5.858498  8.856671  6.006454   \n",
       "13  4.871616  4.459729  4.911664  3.697414  4.810454  6.006454  6.674070   \n",
       "14  4.667461  4.729241  4.789787  3.389917  4.652589  6.040938  5.636136   \n",
       "15  5.901730  4.910234  5.728722  3.410968  5.375212  6.341942  5.937451   \n",
       "16  4.279551  4.912770  4.560987  3.437179  4.897974  5.831454  5.484106   \n",
       "17  4.706996  3.902084  5.066691  3.037259  4.759213  6.200011  5.411088   \n",
       "18  4.486241  4.055295  4.254275  3.567589  4.811931  5.569270  5.610277   \n",
       "19  4.353783  3.938201  5.165330  3.271759  4.410689  7.129494  5.266577   \n",
       "\n",
       "          14        15        16        17        18        19  \n",
       "0   5.815961  5.697846  5.569020  5.463929  5.278768  5.734987  \n",
       "1   5.238374  5.028853  5.439381  4.936236  5.091470  5.183985  \n",
       "2   5.836574  5.660113  5.944674  4.744457  4.405508  4.954123  \n",
       "3   4.615258  4.877749  4.508401  4.402997  3.661073  5.685939  \n",
       "4   5.759613  5.918620  5.713484  4.952627  5.115340  5.595726  \n",
       "5   5.566605  5.751426  5.671995  4.764066  4.497831  5.087636  \n",
       "6   4.486338  4.988594  4.057955  3.404566  4.341035  3.740380  \n",
       "7   4.667461  5.901730  4.279551  4.706996  4.486241  4.353783  \n",
       "8   4.729241  4.910234  4.912770  3.902084  4.055295  3.938201  \n",
       "9   4.789787  5.728722  4.560987  5.066691  4.254275  5.165330  \n",
       "10  3.389917  3.410968  3.437179  3.037259  3.567589  3.271759  \n",
       "11  4.652589  5.375212  4.897974  4.759213  4.811931  4.410689  \n",
       "12  6.040938  6.341942  5.831454  6.200011  5.569270  7.129494  \n",
       "13  5.636136  5.937451  5.484106  5.411088  5.610277  5.266577  \n",
       "14  6.763811  6.931741  5.604654  4.931463  5.240306  5.568326  \n",
       "15  6.931741  9.058549  5.598228  5.673831  5.378006  5.758295  \n",
       "16  5.604654  5.598228  6.541034  5.028189  5.107761  4.832162  \n",
       "17  4.931463  5.673831  5.028189  5.818187  4.619722  5.034059  \n",
       "18  5.240306  5.378006  5.107761  4.619722  6.090866  4.679097  \n",
       "19  5.568326  5.758295  4.832162  5.034059  4.679097  7.777222  "
      ]
     },
     "metadata": {},
     "output_type": "display_data"
    }
   ],
   "source": [
    "# LDA analysis\n",
    "# determine P(y1), P(y2), mean1, mean2, and covariance\n",
    "\n",
    "# P(y)\n",
    "pneg = y_train[y_train < 0].size / y_train.size\n",
    "ppos = y_train[y_train > 0].size / y_train.size\n",
    "\n",
    "# means\n",
    "mneg = np.mean(x_train[np.where(y_train < 0)], axis=0)\n",
    "mpos = np.mean(x_train[np.where(y_train > 0)], axis=0)\n",
    "\n",
    "# covariance\n",
    "cneg = np.divide(np.matmul(np.subtract(x_train[np.where(y_train < 0)], mneg).T,np.subtract(x_train[np.where(y_train < 0)], mneg)),(x_train.shape[0]))\n",
    "cpos = np.divide(np.matmul(np.subtract(x_train[np.where(y_train > 0)], mpos).T,np.subtract(x_train[np.where(y_train > 0)], mpos)),(x_train.shape[0]))\n",
    "tcov = np.add(cneg,cpos)\n",
    "\n",
    "mresults_LDA = np.array((mneg,mpos))\n",
    "df = pd.DataFrame(mresults_LDA)\n",
    "df.index = ['Neg Mean', 'Pos Mean']\n",
    "display(df)\n",
    "\n",
    "cresults_LDA = np.array(tcov)\n",
    "df = pd.DataFrame(cresults_LDA)\n",
    "print('Covariance:')\n",
    "display(df)\n",
    "\n",
    "# save coefficients\n",
    "name = 'hwk2_datasets/DS1/m0.csv'\n",
    "np.savetxt(name, mneg, delimiter=',')\n",
    "\n",
    "name = 'hwk2_datasets/DS1/m1.csv'\n",
    "np.savetxt(name, mpos, delimiter=',')\n",
    "\n",
    "name = 'hwk2_datasets/DS1/cov.csv'\n",
    "np.savetxt(name, tcov, delimiter=',')\n",
    "\n",
    "# decision on test dataset\n",
    "decision_test = np.log(pneg) - np.log(ppos) - 0.5*np.matmul((np.matmul(mneg.T,np.linalg.inv(tcov))),mneg) + 0.5*np.matmul((np.matmul(mpos.T,np.linalg.inv(tcov))),mpos) + np.matmul(np.matmul(x_test,np.linalg.inv(tcov)),np.subtract(mneg,mpos))"
   ]
  },
  {
   "cell_type": "code",
   "execution_count": 6,
   "metadata": {
    "collapsed": true
   },
   "outputs": [],
   "source": [
    "# test\n",
    "decision_test[decision_test > 0] = 1\n",
    "decision_test[decision_test < 0] = -1\n",
    "decision_test[decision_test == 1] = -1000\n",
    "decision_test[decision_test == -1] = 1000\n",
    "\n",
    "y_tp = np.array(y_test)\n",
    "y_tp[y_tp == 1000] = 5000\n",
    "results_tp = y_tp - decision_test\n",
    "\n",
    "y_fp = np.array(y_test)\n",
    "y_fp[y_fp == 1000] = 0\n",
    "results_fp = y_fp - decision_test\n",
    "\n",
    "y_tn = np.array(y_test)\n",
    "y_tn[y_tn == -1000] = -5000\n",
    "results_tn = y_tn - decision_test\n",
    "\n",
    "y_fn = np.array(y_test)\n",
    "y_fn[y_fn == -1000] = 0\n",
    "results_fn = y_fn - decision_test"
   ]
  },
  {
   "cell_type": "code",
   "execution_count": 7,
   "metadata": {},
   "outputs": [
    {
     "data": {
      "text/html": [
       "<div>\n",
       "<style>\n",
       "    .dataframe thead tr:only-child th {\n",
       "        text-align: right;\n",
       "    }\n",
       "\n",
       "    .dataframe thead th {\n",
       "        text-align: left;\n",
       "    }\n",
       "\n",
       "    .dataframe tbody tr th {\n",
       "        vertical-align: top;\n",
       "    }\n",
       "</style>\n",
       "<table border=\"1\" class=\"dataframe\">\n",
       "  <thead>\n",
       "    <tr style=\"text-align: right;\">\n",
       "      <th></th>\n",
       "      <th>LDA</th>\n",
       "    </tr>\n",
       "  </thead>\n",
       "  <tbody>\n",
       "    <tr>\n",
       "      <th>tp</th>\n",
       "      <td>572.000000</td>\n",
       "    </tr>\n",
       "    <tr>\n",
       "      <th>fp</th>\n",
       "      <td>35.000000</td>\n",
       "    </tr>\n",
       "    <tr>\n",
       "      <th>tn</th>\n",
       "      <td>565.000000</td>\n",
       "    </tr>\n",
       "    <tr>\n",
       "      <th>fn</th>\n",
       "      <td>28.000000</td>\n",
       "    </tr>\n",
       "    <tr>\n",
       "      <th>accuracy</th>\n",
       "      <td>0.947500</td>\n",
       "    </tr>\n",
       "    <tr>\n",
       "      <th>precision</th>\n",
       "      <td>0.942339</td>\n",
       "    </tr>\n",
       "    <tr>\n",
       "      <th>recall</th>\n",
       "      <td>0.953333</td>\n",
       "    </tr>\n",
       "    <tr>\n",
       "      <th>f1</th>\n",
       "      <td>0.058333</td>\n",
       "    </tr>\n",
       "  </tbody>\n",
       "</table>\n",
       "</div>"
      ],
      "text/plain": [
       "                  LDA\n",
       "tp         572.000000\n",
       "fp          35.000000\n",
       "tn         565.000000\n",
       "fn          28.000000\n",
       "accuracy     0.947500\n",
       "precision    0.942339\n",
       "recall       0.953333\n",
       "f1           0.058333"
      ]
     },
     "metadata": {},
     "output_type": "display_data"
    }
   ],
   "source": [
    "# error measures\n",
    "\n",
    "tp = (results_tp == 4000).sum(axis=0)\n",
    "fp = (results_fp == -2000).sum(axis=0)\n",
    "tn = (results_tn == -4000).sum(axis=0)\n",
    "fn = (results_fn == 2000).sum(axis=0)\n",
    "\n",
    "accuracy = (tp + tn) / (tp + fp + tn + fn)\n",
    "precision = tp / (tp + fp)\n",
    "recall = tp / (tp + fn)\n",
    "f1 = fp / (fp + tn)\n",
    "\n",
    "results = np.array((tp,fp,tn,fn,accuracy,precision, recall, f1))\n",
    "df = pd.DataFrame(results)\n",
    "df.columns = ['LDA']\n",
    "df.index = ['tp','fp','tn','fn','accuracy','precision', 'recall','f1']\n",
    "display(df)"
   ]
  },
  {
   "cell_type": "code",
   "execution_count": 8,
   "metadata": {
    "collapsed": true
   },
   "outputs": [],
   "source": [
    "########### Question 3 ###########\n",
    "## kNN\n",
    "\n",
    "# load data\n",
    "data1 = pd.read_csv(\"hwk2_datasets/DS1/DS1_train.csv\", header=None)\n",
    "data2 = pd.read_csv(\"hwk2_datasets/DS1/DS1_test.csv\", header=None)\n",
    "\n",
    "train = data1.values\n",
    "test = data2.values\n",
    "\n",
    "np.random.shuffle(train)\n",
    "np.random.shuffle(test)\n",
    "\n",
    "# x and y values\n",
    "x_train = train[:,0:-1]\n",
    "y_train = train[:,-1]\n",
    "x_test = test[:,0:-1]\n",
    "y_test = test[:,-1]"
   ]
  },
  {
   "cell_type": "code",
   "execution_count": 9,
   "metadata": {},
   "outputs": [],
   "source": [
    "# distance function\n",
    "def distance(x0, x):\n",
    "    return np.sqrt(np.sum(np.square(x-x0)))"
   ]
  },
  {
   "cell_type": "code",
   "execution_count": 10,
   "metadata": {},
   "outputs": [],
   "source": [
    "# kNN\n",
    "knum_list = [1,3,5,15]  # k nearest neighbours list\n",
    "test_results = np.empty(shape=(len(knum_list),1200))\n",
    "\n",
    "for n in range(len(knum_list)):\n",
    "    knum = knum_list[n]\n",
    "    y_list = []\n",
    "    for i in range(x_test.shape[0]):\n",
    "        current = x_test[i]\n",
    "        y_slist = []\n",
    "        min_index = []\n",
    "        index = 0\n",
    "\n",
    "        for j in range(knum):\n",
    "            dtemp = 1000\n",
    "            for k in range(x_train.shape[0]):\n",
    "                if k in min_index:\n",
    "                    continue\n",
    "\n",
    "                d = distance(current,x_train[k])\n",
    "\n",
    "                if dtemp > d:\n",
    "                    dtemp = d\n",
    "                    index = k\n",
    "                    continue\n",
    "\n",
    "            min_index.append(index)\n",
    "            y_slist.append(y_train[index])\n",
    "\n",
    "        num = sum(y_slist)\n",
    "        if num > 0:\n",
    "            y_list.append(1000)\n",
    "        else:\n",
    "            y_list.append(-1000)\n",
    "    \n",
    "    y_list = np.array(y_list)\n",
    "    test_results[n] = y_list"
   ]
  },
  {
   "cell_type": "code",
   "execution_count": 11,
   "metadata": {},
   "outputs": [],
   "source": [
    "# test\n",
    "results_tp = np.empty(shape=(len(knum_list),1200))\n",
    "results_fp = np.empty(shape=(len(knum_list),1200))\n",
    "results_tn = np.empty(shape=(len(knum_list),1200))\n",
    "results_fn = np.empty(shape=(len(knum_list),1200))\n",
    "\n",
    "for i in range(len(knum_list)):\n",
    "    y_tp = np.array(y_test)\n",
    "    y_tp[y_tp == 1000] = 5000\n",
    "    results_tp[i] = y_tp - test_results[i]\n",
    "\n",
    "    y_fp = np.array(y_test)\n",
    "    y_fp[y_fp == 1000] = 0\n",
    "    results_fp[i] = y_fp - test_results[i]\n",
    "\n",
    "    y_tn = np.array(y_test)\n",
    "    y_tn[y_tn == -1000] = -5000\n",
    "    results_tn[i] = y_tn - test_results[i]\n",
    "\n",
    "    y_fn = np.array(y_test)\n",
    "    y_fn[y_fn == -1000] = 0\n",
    "    results_fn[i] = y_fn - test_results[i]\n"
   ]
  },
  {
   "cell_type": "code",
   "execution_count": 12,
   "metadata": {},
   "outputs": [
    {
     "data": {
      "text/html": [
       "<div>\n",
       "<style>\n",
       "    .dataframe thead tr:only-child th {\n",
       "        text-align: right;\n",
       "    }\n",
       "\n",
       "    .dataframe thead th {\n",
       "        text-align: left;\n",
       "    }\n",
       "\n",
       "    .dataframe tbody tr th {\n",
       "        vertical-align: top;\n",
       "    }\n",
       "</style>\n",
       "<table border=\"1\" class=\"dataframe\">\n",
       "  <thead>\n",
       "    <tr style=\"text-align: right;\">\n",
       "      <th></th>\n",
       "      <th>k=1</th>\n",
       "      <th>k=3</th>\n",
       "      <th>k=5</th>\n",
       "      <th>k=15</th>\n",
       "    </tr>\n",
       "  </thead>\n",
       "  <tbody>\n",
       "    <tr>\n",
       "      <th>tp</th>\n",
       "      <td>321.000000</td>\n",
       "      <td>304.000000</td>\n",
       "      <td>329.000000</td>\n",
       "      <td>340.000000</td>\n",
       "    </tr>\n",
       "    <tr>\n",
       "      <th>fp</th>\n",
       "      <td>272.000000</td>\n",
       "      <td>265.000000</td>\n",
       "      <td>278.000000</td>\n",
       "      <td>280.000000</td>\n",
       "    </tr>\n",
       "    <tr>\n",
       "      <th>tn</th>\n",
       "      <td>328.000000</td>\n",
       "      <td>335.000000</td>\n",
       "      <td>322.000000</td>\n",
       "      <td>320.000000</td>\n",
       "    </tr>\n",
       "    <tr>\n",
       "      <th>fn</th>\n",
       "      <td>279.000000</td>\n",
       "      <td>296.000000</td>\n",
