{
 "cells": [
  {
   "cell_type": "code",
   "execution_count": 1,
   "metadata": {
    "collapsed": true
   },
   "outputs": [],
   "source": [
    "import numpy as np\n",
    "import pandas as pd\n",
    "import matplotlib.pyplot as plt\n",
    "from IPython.display import display, HTML\n",
    "\n",
    "########### Question 1 ###########\n",
    "# Generate Data\n",
    "\n",
    "# is this fine? or do i need to generate my own distribution?\n",
    "def datagen(mvec,cov,n):\n",
    "    return np.random.multivariate_normal(mvec,cov,n)\n",
    "   "
   ]
  },
  {
   "cell_type": "code",
   "execution_count": 2,
   "metadata": {},
   "outputs": [],
   "source": [
    "# load mean vectors + covariance matrix\n",
    "data1 = pd.read_csv('hwk2_datasets/DS1_m_0.txt', sep=\",\", header=None)\n",
    "data2 = pd.read_csv('hwk2_datasets/DS1_m_1.txt', sep=\",\", header=None)\n",
    "data3 = pd.read_csv('hwk2_datasets/DS1_Cov.txt', sep=\",\", header=None)\n",
    "\n",
    "#df1 = pd.DataFrame(data1)\n",
    "#df2 = pd.DataFrame(data2)\n",
    "#df3 = pd.DataFrame(data3)\n",
    "#display(df1)\n",
    "#display(df2)\n",
    "#display(df3)\n",
    "\n",
    "ms0 = data1.values\n",
    "ms0 = np.delete(ms0,-1,1)\n",
    "ms0 = np.squeeze(ms0)\n",
    "ms1 = data2.values\n",
    "ms1 = np.delete(ms1,-1,1)\n",
    "ms1 = np.squeeze(ms1)\n",
    "cov = data3.values\n",
    "cov = np.delete(cov,-1,1)\n",
    "\n",
    "negative = datagen(ms0,cov,2000)\n",
    "positive = datagen(ms1,cov,2000)\n",
    "\n",
    "\n",
    "# label as negative or positive (negative = -1000, positive = 1000)\n",
    "nlabel = np.full((negative.shape[0],1),-1000)\n",
    "plabel = np.full((positive.shape[0],1),1000)\n",
    "\n",
    "negative = np.hstack((negative, nlabel))\n",
    "positive = np.hstack((positive, plabel))"
   ]
  },
  {
   "cell_type": "code",
   "execution_count": 3,
   "metadata": {
    "collapsed": true
   },
   "outputs": [],
   "source": [
    "# separate training and test sets\n",
    "np.random.shuffle(negative)\n",
    "np.random.shuffle(positive)\n",
    "\n",
    "DS1_train = np.concatenate((negative[300:],positive[300:]))\n",
    "DS1_test = np.concatenate((negative[0:300],positive[0:300]))\n",
    "\n",
    "np.savetxt(\"hwk2_datasets/DS1/DS1_train.csv\",DS1_train,delimiter=\",\")\n",
    "np.savetxt(\"hwk2_datasets/DS1/DS1_test.csv\",DS1_test,delimiter=\",\")"
   ]
  },
  {
   "cell_type": "code",
   "execution_count": 4,
   "metadata": {},
   "outputs": [],
   "source": [
    "########### Question 2 ###########\n",
    "## LDA\n",
    "\n",
    "# load data\n",
    "data1 = pd.read_csv(\"hwk2_datasets/DS1/DS1_train.csv\", header=None)\n",
    "data2 = pd.read_csv(\"hwk2_datasets/DS1/DS1_test.csv\", header=None)\n",
    "\n",
    "train = data1.values\n",
    "test = data2.values\n",
    "\n",
    "np.random.shuffle(train)\n",
    "np.random.shuffle(test)\n",
    "\n",
    "# x and y values\n",
    "x_train = train[:,0:-1]\n",
    "y_train = train[:,-1]\n",
    "x_test = test[:,0:-1]\n",
    "y_test = test[:,-1]"
   ]
  },
  {
   "cell_type": "code",
   "execution_count": 5,
   "metadata": {},
   "outputs": [
    {
     "data": {
      "text/html": [
       "<div>\n",
       "<style>\n",
       "    .dataframe thead tr:only-child th {\n",
       "        text-align: right;\n",
       "    }\n",
       "\n",
       "    .dataframe thead th {\n",
       "        text-align: left;\n",
       "    }\n",
       "\n",
       "    .dataframe tbody tr th {\n",
       "        vertical-align: top;\n",
       "    }\n",
       "</style>\n",
       "<table border=\"1\" class=\"dataframe\">\n",
       "  <thead>\n",
       "    <tr style=\"text-align: right;\">\n",
       "      <th></th>\n",
       "      <th>0</th>\n",
       "      <th>1</th>\n",
       "      <th>2</th>\n",
       "      <th>3</th>\n",
       "      <th>4</th>\n",
       "      <th>5</th>\n",
       "      <th>6</th>\n",
       "      <th>7</th>\n",
       "      <th>8</th>\n",
       "      <th>9</th>\n",
       "      <th>10</th>\n",
       "      <th>11</th>\n",
       "      <th>12</th>\n",
       "      <th>13</th>\n",
       "      <th>14</th>\n",
       "      <th>15</th>\n",
       "      <th>16</th>\n",
       "      <th>17</th>\n",
       "      <th>18</th>\n",
       "      <th>19</th>\n",
       "    </tr>\n",
       "  </thead>\n",
       "  <tbody>\n",
       "    <tr>\n",
       "      <th>Neg Mean</th>\n",
       "      <td>1.200381</td>\n",
       "      <td>1.222134</td>\n",
       "      <td>1.244864</td>\n",
       "      <td>1.236445</td>\n",
       "      <td>1.217314</td>\n",
       "      <td>1.218510</td>\n",
       "      <td>1.229136</td>\n",
       "      <td>1.208479</td>\n",
       "      <td>1.163539</td>\n",
       "      <td>1.127308</td>\n",
       "      <td>1.250436</td>\n",
       "      <td>1.207361</td>\n",
       "      <td>1.148770</td>\n",
       "      <td>1.213375</td>\n",
       "      <td>1.246182</td>\n",
       "      <td>1.208585</td>\n",
       "      <td>1.198521</td>\n",
       "      <td>1.213960</td>\n",
       "      <td>1.214786</td>\n",
       "      <td>1.182404</td>\n",
       "    </tr>\n",
       "    <tr>\n",
       "      <th>Pos Mean</th>\n",
       "      <td>1.981733</td>\n",
       "      <td>1.990675</td>\n",
       "      <td>1.937990</td>\n",
       "      <td>1.967666</td>\n",
       "      <td>1.951361</td>\n",
       "      <td>1.944891</td>\n",
       "      <td>1.953347</td>\n",
       "      <td>1.953478</td>\n",
       "      <td>1.919431</td>\n",
       "      <td>1.937563</td>\n",
       "      <td>1.962051</td>\n",
       "      <td>1.946624</td>\n",
       "      <td>1.955108</td>\n",
       "      <td>1.912755</td>\n",
       "      <td>1.951042</td>\n",
       "      <td>1.900851</td>\n",
       "      <td>1.931138</td>\n",
       "      <td>1.924119</td>\n",
       "      <td>1.955434</td>\n",
       "      <td>1.964000</td>\n",
       "    </tr>\n",
       "  </tbody>\n",
       "</table>\n",
       "</div>"
      ],
      "text/plain": [
       "                0         1         2         3         4         5   \\\n",
       "Neg Mean  1.200381  1.222134  1.244864  1.236445  1.217314  1.218510   \n",
       "Pos Mean  1.981733  1.990675  1.937990  1.967666  1.951361  1.944891   \n",
       "\n",
       "                6         7         8         9         10        11  \\\n",
       "Neg Mean  1.229136  1.208479  1.163539  1.127308  1.250436  1.207361   \n",
       "Pos Mean  1.953347  1.953478  1.919431  1.937563  1.962051  1.946624   \n",
       "\n",
       "                12        13        14        15        16        17  \\\n",
       "Neg Mean  1.148770  1.213375  1.246182  1.208585  1.198521  1.213960   \n",
       "Pos Mean  1.955108  1.912755  1.951042  1.900851  1.931138  1.924119   \n",
       "\n",
       "                18        19  \n",
       "Neg Mean  1.214786  1.182404  \n",
       "Pos Mean  1.955434  1.964000  "
      ]
     },
     "metadata": {},
     "output_type": "display_data"
    },
    {
     "name": "stdout",
     "output_type": "stream",
     "text": [
      "Covariance:\n"
     ]
    },
    {
     "data": {
      "text/html": [
       "<div>\n",
       "<style>\n",
       "    .dataframe thead tr:only-child th {\n",
       "        text-align: right;\n",
       "    }\n",
       "\n",
       "    .dataframe thead th {\n",
       "        text-align: left;\n",
       "    }\n",
       "\n",
       "    .dataframe tbody tr th {\n",
       "        vertical-align: top;\n",
       "    }\n",
       "</style>\n",
       "<table border=\"1\" class=\"dataframe\">\n",
       "  <thead>\n",
       "    <tr style=\"text-align: right;\">\n",
       "      <th></th>\n",
       "      <th>0</th>\n",
       "      <th>1</th>\n",
       "      <th>2</th>\n",
       "      <th>3</th>\n",
       "      <th>4</th>\n",
       "      <th>5</th>\n",
       "      <th>6</th>\n",
       "      <th>7</th>\n",
       "      <th>8</th>\n",
       "      <th>9</th>\n",
       "      <th>10</th>\n",
       "      <th>11</th>\n",
       "      <th>12</th>\n",
       "      <th>13</th>\n",
       "      <th>14</th>\n",
       "      <th>15</th>\n",
       "      <th>16</th>\n",
       "      <th>17</th>\n",
       "      <th>18</th>\n",
       "      <th>19</th>\n",
       "    </tr>\n",
       "  </thead>\n",
       "  <tbody>\n",
       "    <tr>\n",
       "      <th>0</th>\n",
       "      <td>7.845896</td>\n",
       "      <td>5.422892</td>\n",
       "      <td>6.008124</td>\n",
       "      <td>5.097246</td>\n",
       "      <td>5.789139</td>\n",
       "      <td>5.966383</td>\n",
       "      <td>4.553369</td>\n",
       "      <td>5.211193</td>\n",
       "      <td>4.930313</td>\n",
       "      <td>5.052814</td>\n",
       "      <td>3.973768</td>\n",
       "      <td>5.116172</td>\n",
       "      <td>6.987024</td>\n",
       "      <td>5.916429</td>\n",
       "      <td>5.953265</td>\n",
       "      <td>5.759561</td>\n",
       "      <td>5.732652</td>\n",
       "      <td>5.580400</td>\n",
       "      <td>5.487698</td>\n",
       "      <td>5.881051</td>\n",
       "    </tr>\n",
       "    <tr>\n",
       "      <th>1</th>\n",
       "      <td>5.422892</td>\n",
       "      <td>6.776778</td>\n",
       "      <td>5.161756</td>\n",
       "      <td>4.256156</td>\n",
       "      <td>5.359430</td>\n",
       "      <td>5.370520</td>\n",
       "      <td>4.205543</td>\n",
       "      <td>3.845555</td>\n",
       "      <td>4.070947</td>\n",
       "      <td>4.994751</td>\n",
       "      <td>3.400643</td>\n",
       "      <td>4.524816</td>\n",
       "      <td>5.841195</td>\n",
       "      <td>5.128282</td>\n",
       "      <td>5.278244</td>\n",
       "      <td>5.113139</td>\n",
       "      <td>5.486746</td>\n",
       "      <td>5.094080</td>\n",
       "      <td>5.290957</td>\n",
       "      <td>5.306923</td>\n",
       "    </tr>\n",
       "    <tr>\n",
       "      <th>2</th>\n",
       "      <td>6.008124</td>\n",
       "      <td>5.161756</td>\n",
       "      <td>7.009250</td>\n",
       "      <td>4.642432</td>\n",
       "      <td>5.579949</td>\n",
       "      <td>6.320089</td>\n",
       "      <td>4.432825</td>\n",
       "      <td>4.572150</td>\n",
       "      <td>4.706944</td>\n",
       "      <td>4.829548</td>\n",
       "      <td>3.175050</td>\n",
       "      <td>4.494024</td>\n",
       "      <td>6.189073</td>\n",
       "      <td>4.972377</td>\n",
       "      <td>5.839502</td>\n",
       "      <td>5.637322</td>\n",
       "      <td>5.970761</td>\n",
       "      <td>4.785694</td>\n",
       "      <td>4.564584</td>\n",
       "      <td>4.896926</td>\n",
       "    </tr>\n",
       "    <tr>\n",
       "      <th>3</th>\n",
       "      <td>5.097246</td>\n",
       "      <td>4.256156</td>\n",
       "      <td>4.642432</td>\n",
       "      <td>5.662065</td>\n",
       "      <td>5.161999</td>\n",
       "      <td>4.318442</td>\n",
       "      <td>3.615764</td>\n",
       "      <td>4.250616</td>\n",
       "      <td>3.290579</td>\n",
       "      <td>4.093267</td>\n",
       "      <td>2.723050</td>\n",
       "      <td>4.077240</td>\n",
       "      <td>5.782078</td>\n",
       "      <td>4.724202</td>\n",
       "      <td>4.627860</td>\n",
       "      <td>4.891139</td>\n",
       "      <td>4.517787</td>\n",
       "      <td>4.479348</td>\n",
       "      <td>3.879767</td>\n",
       "      <td>5.722073</td>\n",
       "    </tr>\n",
       "    <tr>\n",
       "      <th>4</th>\n",
       "      <td>5.789139</td>\n",
       "      <td>5.359430</td>\n",
       "      <td>5.579949</td>\n",
       "      <td>5.161999</td>\n",
       "      <td>6.874874</td>\n",
       "      <td>5.198767</td>\n",
       "      <td>4.827946</td>\n",
       "      <td>4.192275</td>\n",
       "      <td>4.548388</td>\n",
       "      <td>5.017332</td>\n",
       "      <td>4.056021</td>\n",
       "      <td>4.872190</td>\n",
       "      <td>6.189474</td>\n",
       "      <td>5.787126</td>\n",
       "      <td>5.763300</td>\n",
       "      <td>5.904290</td>\n",
       "      <td>5.713400</td>\n",
       "      <td>5.110687</td>\n",
       "      <td>5.254841</td>\n",
       "      <td>5.719654</td>\n",
       "    </tr>\n",
       "    <tr>\n",
       "      <th>5</th>\n",
       "      <td>5.966383</td>\n",
       "      <td>5.370520</td>\n",
       "      <td>6.320089</td>\n",
       "      <td>4.318442</td>\n",
       "      <td>5.198767</td>\n",
       "      <td>6.463593</td>\n",
       "      <td>4.249003</td>\n",
       "      <td>4.637304</td>\n",
       "      <td>4.592559</td>\n",
       "      <td>5.129166</td>\n",
       "      <td>2.917929</td>\n",
       "      <td>4.620851</td>\n",
       "      <td>6.215585</td>\n",
       "      <td>4.813736</td>\n",
       "      <td>5.546893</td>\n",
       "      <td>5.683516</td>\n",
       "      <td>5.688210</td>\n",
       "      <td>4.817842</td>\n",
       "      <td>4.611012</td>\n",
       "      <td>5.071003</td>\n",
       "    </tr>\n",
       "    <tr>\n",
       "      <th>6</th>\n",
       "      <td>4.553369</td>\n",
       "      <td>4.205543</td>\n",
       "      <td>4.432825</td>\n",
       "      <td>3.615764</td>\n",
       "      <td>4.827946</td>\n",
       "      <td>4.249003</td>\n",
       "      <td>4.953383</td>\n",
       "      <td>3.674059</td>\n",
       "      <td>3.794101</td>\n",
       "      <td>4.160437</td>\n",
       "      <td>2.924877</td>\n",
       "      <td>4.160643</td>\n",
       "      <td>4.584280</td>\n",
       "      <td>3.982388</td>\n",
       "      <td>4.447595</td>\n",
       "      <td>4.930337</td>\n",
       "      <td>4.118143</td>\n",
       "      <td>3.565148</td>\n",
       "      <td>4.394619</td>\n",
       "      <td>3.784363</td>\n",
       "    </tr>\n",
       "    <tr>\n",
       "      <th>7</th>\n",
       "      <td>5.211193</td>\n",
       "      <td>3.845555</td>\n",
       "      <td>4.572150</td>\n",
       "      <td>4.250616</td>\n",
       "      <td>4.192275</td>\n",
       "      <td>4.637304</td>\n",
       "      <td>3.674059</td>\n",
       "      <td>5.690607</td>\n",
       "      <td>3.400495</td>\n",
       "      <td>4.636691</td>\n",
       "      <td>2.449275</td>\n",
       "      <td>4.634923</td>\n",
       "      <td>5.954406</td>\n",
       "      <td>4.977791</td>\n",
       "      <td>4.675953</td>\n",
       "      <td>5.845484</td>\n",
       "      <td>4.325344</td>\n",
       "      <td>4.714732</td>\n",
       "      <td>4.639804</td>\n",
       "      <td>4.420491</td>\n",
       "    </tr>\n",
       "    <tr>\n",
       "      <th>8</th>\n",
       "      <td>4.930313</td>\n",
       "      <td>4.070947</td>\n",
       "      <td>4.706944</td>\n",
       "      <td>3.290579</td>\n",
       "      <td>4.548388</td>\n",
       "      <td>4.592559</td>\n",
       "      <td>3.794101</td>\n",
       "      <td>3.400495</td>\n",
       "      <td>4.852776</td>\n",
       "      <td>4.540108</td>\n",
       "      <td>3.087134</td>\n",
       "      <td>3.943633</td>\n",
       "      <td>5.033400</td>\n",
       "      <td>4.524368</td>\n",
       "      <td>4.721875</td>\n",
       "      <td>4.877974</td>\n",
       "      <td>4.956833</td>\n",
       "      <td>3.969928</td>\n",
       "      <td>4.091324</td>\n",
       "      <td>4.026620</td>\n",
       "    </tr>\n",
       "    <tr>\n",
       "      <th>9</th>\n",
       "      <td>5.052814</td>\n",
       "      <td>4.994751</td>\n",
       "      <td>4.829548</td>\n",
       "      <td>4.093267</td>\n",
       "      <td>5.017332</td>\n",
       "      <td>5.129166</td>\n",
       "      <td>4.160437</td>\n",
       "      <td>4.636691</td>\n",
       "      <td>4.540108</td>\n",
       "      <td>7.016234</td>\n",
       "      <td>3.296339</td>\n",
       "      <td>4.555389</td>\n",
       "      <td>6.726155</td>\n",
       "      <td>5.043347</td>\n",
       "      <td>4.772666</td>\n",
       "      <td>5.691904</td>\n",
       "      <td>4.607543</td>\n",
       "      <td>5.193694</td>\n",
       "      <td>4.381729</td>\n",
       "      <td>5.307445</td>\n",
       "    </tr>\n",
       "    <tr>\n",
       "      <th>10</th>\n",
       "      <td>3.973768</td>\n",
       "      <td>3.400643</td>\n",
       "      <td>3.175050</td>\n",
       "      <td>2.723050</td>\n",
       "      <td>4.056021</td>\n",
       "      <td>2.917929</td>\n",
       "      <td>2.924877</td>\n",
       "      <td>2.449275</td>\n",
       "      <td>3.087134</td>\n",
       "      <td>3.296339</td>\n",
       "      <td>3.379632</td>\n",
       "      <td>2.862244</td>\n",
       "      <td>3.770079</td>\n",
       "      <td>3.907988</td>\n",
       "      <td>3.513324</td>\n",
       "      <td>3.504770</td>\n",
       "      <td>3.554028</td>\n",
       "      <td>3.211987</td>\n",
       "      <td>3.705021</td>\n",
       "      <td>3.509162</td>\n",
       "    </tr>\n",
       "    <tr>\n",
       "      <th>11</th>\n",
       "      <td>5.116172</td>\n",
       "      <td>4.524816</td>\n",
       "      <td>4.494024</td>\n",
       "      <td>4.077240</td>\n",
       "      <td>4.872190</td>\n",
       "      <td>4.620851</td>\n",
       "      <td>4.160643</td>\n",
       "      <td>4.634923</td>\n",
       "      <td>3.943633</td>\n",
       "      <td>4.555389</td>\n",
       "      <td>2.862244</td>\n",
       "      <td>5.081957</td>\n",
       "      <td>5.865637</td>\n",
       "      <td>4.909697</td>\n",
       "      <td>4.632625</td>\n",
       "      <td>5.322767</td>\n",
       "      <td>4.868062</td>\n",
       "      <td>4.759900</td>\n",
       "      <td>4.875206</td>\n",
       "      <td>4.460681</td>\n",
       "    </tr>\n",
       "    <tr>\n",
       "      <th>12</th>\n",
       "      <td>6.987024</td>\n",
       "      <td>5.841195</td>\n",
       "      <td>6.189073</td>\n",
       "      <td>5.782078</td>\n",
       "      <td>6.189474</td>\n",
       "      <td>6.215585</td>\n",
       "      <td>4.584280</td>\n",
       "      <td>5.954406</td>\n",
       "      <td>5.033400</td>\n",
       "      <td>6.726155</td>\n",
       "      <td>3.770079</td>\n",
       "      <td>5.865637</td>\n",
       "      <td>8.966134</td>\n",
       "      <td>6.243831</td>\n",
       "      <td>6.109492</td>\n",
       "      <td>6.398207</td>\n",
       "      <td>5.906823</td>\n",
       "      <td>6.263115</td>\n",
       "      <td>5.819993</td>\n",
       "      <td>7.281304</td>\n",
       "    </tr>\n",
       "    <tr>\n",
       "      <th>13</th>\n",
       "      <td>5.916429</td>\n",
       "      <td>5.128282</td>\n",
       "      <td>4.972377</td>\n",
       "      <td>4.724202</td>\n",
       "      <td>5.787126</td>\n",
       "      <td>4.813736</td>\n",
       "      <td>3.982388</td>\n",
       "      <td>4.977791</td>\n",
       "      <td>4.524368</td>\n",
       "      <td>5.043347</td>\n",
       "      <td>3.907988</td>\n",
       "      <td>4.909697</td>\n",
       "      <td>6.243831</td>\n",
       "      <td>6.865518</td>\n",
       "      <td>5.725845</td>\n",
       "      <td>5.995947</td>\n",
       "      <td>5.580059</td>\n",
       "      <td>5.539019</td>\n",
       "      <td>5.845449</td>\n",
       "      <td>5.513714</td>\n",
       "    </tr>\n",
       "    <tr>\n",
       "      <th>14</th>\n",
       "      <td>5.953265</td>\n",
       "      <td>5.278244</td>\n",
       "      <td>5.839502</td>\n",
       "      <td>4.627860</td>\n",
       "      <td>5.763300</td>\n",
       "      <td>5.546893</td>\n",
       "      <td>4.447595</td>\n",
       "      <td>4.675953</td>\n",
       "      <td>4.721875</td>\n",
       "      <td>4.772666</td>\n",
       "      <td>3.513324</td>\n",
       "      <td>4.632625</td>\n",
       "      <td>6.109492</td>\n",
       "      <td>5.725845</td>\n",
       "      <td>6.678131</td>\n",
       "      <td>6.797669</td>\n",
       "      <td>5.607596</td>\n",
       "      <td>4.996362</td>\n",
       "      <td>5.304228</td>\n",
       "      <td>5.585191</td>\n",
       "    </tr>\n",
       "    <tr>\n",
       "      <th>15</th>\n",
       "      <td>5.759561</td>\n",
       "      <td>5.113139</td>\n",
       "      <td>5.637322</td>\n",
       "      <td>4.891139</td>\n",
       "      <td>5.904290</td>\n",
       "      <td>5.683516</td>\n",
       "      <td>4.930337</td>\n",
       "      <td>5.845484</td>\n",
       "      <td>4.877974</td>\n",
       "      <td>5.691904</td>\n",
       "      <td>3.504770</td>\n",
       "      <td>5.322767</td>\n",
       "      <td>6.398207</td>\n",
       "      <td>5.995947</td>\n",
       "      <td>6.797669</td>\n",
       "      <td>8.823487</td>\n",
       "      <td>5.591413</td>\n",
       "      <td>5.705162</td>\n",
       "      <td>5.432618</td>\n",
       "      <td>5.771142</td>\n",
       "    </tr>\n",
       "    <tr>\n",
       "      <th>16</th>\n",
       "      <td>5.732652</td>\n",
       "      <td>5.486746</td>\n",
       "      <td>5.970761</td>\n",
       "      <td>4.517787</td>\n",
       "      <td>5.713400</td>\n",
       "      <td>5.688210</td>\n",
       "      <td>4.118143</td>\n",
       "      <td>4.325344</td>\n",
       "      <td>4.956833</td>\n",
       "      <td>4.607543</td>\n",
       "      <td>3.554028</td>\n",
       "      <td>4.868062</td>\n",
       "      <td>5.906823</td>\n",
       "      <td>5.580059</td>\n",
       "      <td>5.607596</td>\n",
       "      <td>5.591413</td>\n",
       "      <td>6.495417</td>\n",
       "      <td>5.054331</td>\n",
       "      <td>5.191899</td>\n",
       "      <td>4.895044</td>\n",
       "    </tr>\n",
       "    <tr>\n",
       "      <th>17</th>\n",
       "      <td>5.580400</td>\n",
       "      <td>5.094080</td>\n",
       "      <td>4.785694</td>\n",
       "      <td>4.479348</td>\n",
       "      <td>5.110687</td>\n",
       "      <td>4.817842</td>\n",
       "      <td>3.565148</td>\n",
       "      <td>4.714732</td>\n",
       "      <td>3.969928</td>\n",
       "      <td>5.193694</td>\n",
       "      <td>3.211987</td>\n",
       "      <td>4.759900</td>\n",
       "      <td>6.263115</td>\n",
       "      <td>5.539019</td>\n",
       "      <td>4.996362</td>\n",
       "      <td>5.705162</td>\n",
       "      <td>5.054331</td>\n",
       "      <td>5.859172</td>\n",
       "      <td>4.774845</td>\n",
       "      <td>5.157651</td>\n",
       "    </tr>\n",
       "    <tr>\n",
       "      <th>18</th>\n",
       "      <td>5.487698</td>\n",
       "      <td>5.290957</td>\n",
       "      <td>4.564584</td>\n",
       "      <td>3.879767</td>\n",
       "      <td>5.254841</td>\n",
       "      <td>4.611012</td>\n",
       "      <td>4.394619</td>\n",
       "      <td>4.639804</td>\n",
       "      <td>4.091324</td>\n",
       "      <td>4.381729</td>\n",
       "      <td>3.705021</td>\n",
       "      <td>4.875206</td>\n",
       "      <td>5.819993</td>\n",
       "      <td>5.845449</td>\n",
       "      <td>5.304228</td>\n",
       "      <td>5.432618</td>\n",
       "      <td>5.191899</td>\n",
       "      <td>4.774845</td>\n",
       "      <td>6.233713</td>\n",
       "      <td>4.928344</td>\n",
       "    </tr>\n",
       "    <tr>\n",
       "      <th>19</th>\n",
       "      <td>5.881051</td>\n",
       "      <td>5.306923</td>\n",
       "      <td>4.896926</td>\n",
       "      <td>5.722073</td>\n",
       "      <td>5.719654</td>\n",
       "      <td>5.071003</td>\n",
       "      <td>3.784363</td>\n",
       "      <td>4.420491</td>\n",
       "      <td>4.026620</td>\n",
       "      <td>5.307445</td>\n",
       "      <td>3.509162</td>\n",
       "      <td>4.460681</td>\n",
       "      <td>7.281304</td>\n",
       "      <td>5.513714</td>\n",
       "      <td>5.585191</td>\n",
       "      <td>5.771142</td>\n",
       "      <td>4.895044</td>\n",
       "      <td>5.157651</td>\n",
       "      <td>4.928344</td>\n",
       "      <td>7.915430</td>\n",
       "    </tr>\n",
       "  </tbody>\n",
       "</table>\n",
       "</div>"
      ],
      "text/plain": [
       "          0         1         2         3         4         5         6   \\\n",
       "0   7.845896  5.422892  6.008124  5.097246  5.789139  5.966383  4.553369   \n",
       "1   5.422892  6.776778  5.161756  4.256156  5.359430  5.370520  4.205543   \n",
       "2   6.008124  5.161756  7.009250  4.642432  5.579949  6.320089  4.432825   \n",
       "3   5.097246  4.256156  4.642432  5.662065  5.161999  4.318442  3.615764   \n",
       "4   5.789139  5.359430  5.579949  5.161999  6.874874  5.198767  4.827946   \n",
       "5   5.966383  5.370520  6.320089  4.318442  5.198767  6.463593  4.249003   \n",
       "6   4.553369  4.205543  4.432825  3.615764  4.827946  4.249003  4.953383   \n",
       "7   5.211193  3.845555  4.572150  4.250616  4.192275  4.637304  3.674059   \n",
       "8   4.930313  4.070947  4.706944  3.290579  4.548388  4.592559  3.794101   \n",
       "9   5.052814  4.994751  4.829548  4.093267  5.017332  5.129166  4.160437   \n",
       "10  3.973768  3.400643  3.175050  2.723050  4.056021  2.917929  2.924877   \n",
       "11  5.116172  4.524816  4.494024  4.077240  4.872190  4.620851  4.160643   \n",
       "12  6.987024  5.841195  6.189073  5.782078  6.189474  6.215585  4.584280   \n",
       "13  5.916429  5.128282  4.972377  4.724202  5.787126  4.813736  3.982388   \n",
       "14  5.953265  5.278244  5.839502  4.627860  5.763300  5.546893  4.447595   \n",
       "15  5.759561  5.113139  5.637322  4.891139  5.904290  5.683516  4.930337   \n",
       "16  5.732652  5.486746  5.970761  4.517787  5.713400  5.688210  4.118143   \n",
       "17  5.580400  5.094080  4.785694  4.479348  5.110687  4.817842  3.565148   \n",
       "18  5.487698  5.290957  4.564584  3.879767  5.254841  4.611012  4.394619   \n",
       "19  5.881051  5.306923  4.896926  5.722073  5.719654  5.071003  3.784363   \n",
       "\n",
       "          7         8         9         10        11        12        13  \\\n",
       "0   5.211193  4.930313  5.052814  3.973768  5.116172  6.987024  5.916429   \n",
       "1   3.845555  4.070947  4.994751  3.400643  4.524816  5.841195  5.128282   \n",
       "2   4.572150  4.706944  4.829548  3.175050  4.494024  6.189073  4.972377   \n",
       "3   4.250616  3.290579  4.093267  2.723050  4.077240  5.782078  4.724202   \n",
       "4   4.192275  4.548388  5.017332  4.056021  4.872190  6.189474  5.787126   \n",
       "5   4.637304  4.592559  5.129166  2.917929  4.620851  6.215585  4.813736   \n",
       "6   3.674059  3.794101  4.160437  2.924877  4.160643  4.584280  3.982388   \n",
       "7   5.690607  3.400495  4.636691  2.449275  4.634923  5.954406  4.977791   \n",
       "8   3.400495  4.852776  4.540108  3.087134  3.943633  5.033400  4.524368   \n",
       "9   4.636691  4.540108  7.016234  3.296339  4.555389  6.726155  5.043347   \n",
       "10  2.449275  3.087134  3.296339  3.379632  2.862244  3.770079  3.907988   \n",
       "11  4.634923  3.943633  4.555389  2.862244  5.081957  5.865637  4.909697   \n",
       "12  5.954406  5.033400  6.726155  3.770079  5.865637  8.966134  6.243831   \n",
       "13  4.977791  4.524368  5.043347  3.907988  4.909697  6.243831  6.865518   \n",
       "14  4.675953  4.721875  4.772666  3.513324  4.632625  6.109492  5.725845   \n",
       "15  5.845484  4.877974  5.691904  3.504770  5.322767  6.398207  5.995947   \n",
       "16  4.325344  4.956833  4.607543  3.554028  4.868062  5.906823  5.580059   \n",
       "17  4.714732  3.969928  5.193694  3.211987  4.759900  6.263115  5.539019   \n",
       "18  4.639804  4.091324  4.381729  3.705021  4.875206  5.819993  5.845449   \n",
       "19  4.420491  4.026620  5.307445  3.509162  4.460681  7.281304  5.513714   \n",
       "\n",
       "          14        15        16        17        18        19  \n",
       "0   5.953265  5.759561  5.732652  5.580400  5.487698  5.881051  \n",
       "1   5.278244  5.113139  5.486746  5.094080  5.290957  5.306923  \n",
       "2   5.839502  5.637322  5.970761  4.785694  4.564584  4.896926  \n",
       "3   4.627860  4.891139  4.517787  4.479348  3.879767  5.722073  \n",
       "4   5.763300  5.904290  5.713400  5.110687  5.254841  5.719654  \n",
       "5   5.546893  5.683516  5.688210  4.817842  4.611012  5.071003  \n",
       "6   4.447595  4.930337  4.118143  3.565148  4.394619  3.784363  \n",
       "7   4.675953  5.845484  4.325344  4.714732  4.639804  4.420491  \n",
       "8   4.721875  4.877974  4.956833  3.969928  4.091324  4.026620  \n",
       "9   4.772666  5.691904  4.607543  5.193694  4.381729  5.307445  \n",
       "10  3.513324  3.504770  3.554028  3.211987  3.705021  3.509162  \n",
       "11  4.632625  5.322767  4.868062  4.759900  4.875206  4.460681  \n",
       "12  6.109492  6.398207  5.906823  6.263115  5.819993  7.281304  \n",
       "13  5.725845  5.995947  5.580059  5.539019  5.845449  5.513714  \n",
       "14  6.678131  6.797669  5.607596  4.996362  5.304228  5.585191  \n",
       "15  6.797669  8.823487  5.591413  5.705162  5.432618  5.771142  \n",
       "16  5.607596  5.591413  6.495417  5.054331  5.191899  4.895044  \n",
       "17  4.996362  5.705162  5.054331  5.859172  4.774845  5.157651  \n",
       "18  5.304228  5.432618  5.191899  4.774845  6.233713  4.928344  \n",
       "19  5.585191  5.771142  4.895044  5.157651  4.928344  7.915430  "
      ]
     },
     "metadata": {},
     "output_type": "display_data"
    }
   ],
   "source": [
    "# LDA analysis\n",
    "# determine P(y1), P(y2), mean1, mean2, and covariance\n",
    "\n",
    "# P(y)\n",
    "pneg = y_train[y_train < 0].size / y_train.size\n",
    "ppos = y_train[y_train > 0].size / y_train.size\n",
    "\n",
    "# means\n",
    "mneg = np.mean(x_train[np.where(y_train < 0)], axis=0)\n",
    "mpos = np.mean(x_train[np.where(y_train > 0)], axis=0)\n",
    "\n",
    "# covariance\n",
    "cneg = np.divide(np.matmul(np.subtract(x_train[np.where(y_train < 0)], mneg).T,np.subtract(x_train[np.where(y_train < 0)], mneg)),(x_train.shape[0]))\n",
    "cpos = np.divide(np.matmul(np.subtract(x_train[np.where(y_train > 0)], mpos).T,np.subtract(x_train[np.where(y_train > 0)], mpos)),(x_train.shape[0]))\n",
    "tcov = np.add(cneg,cpos)\n",
    "\n",
    "mresults_LDA = np.array((mneg,mpos))\n",
    "df = pd.DataFrame(mresults_LDA)\n",
    "df.index = ['Neg Mean', 'Pos Mean']\n",
    "display(df)\n",
    "\n",
    "cresults_LDA = np.array(tcov)\n",
    "df = pd.DataFrame(cresults_LDA)\n",
    "print('Covariance:')\n",
    "display(df)\n",
    "\n",
    "# save coefficients\n",
    "name = 'hwk2_datasets/DS1/m0.csv'\n",
    "np.savetxt(name, mneg, delimiter=',')\n",
    "\n",
    "name = 'hwk2_datasets/DS1/m1.csv'\n",
    "np.savetxt(name, mpos, delimiter=',')\n",
    "\n",
    "name = 'hwk2_datasets/DS1/cov.csv'\n",
    "np.savetxt(name, tcov, delimiter=',')\n",
    "\n",
    "# decision on test dataset\n",
    "decision_test = np.log(pneg) - np.log(ppos) - 0.5*np.matmul((np.matmul(mneg.T,np.linalg.inv(tcov))),mneg) + 0.5*np.matmul((np.matmul(mpos.T,np.linalg.inv(tcov))),mpos) + np.matmul(np.matmul(x_test,np.linalg.inv(tcov)),np.subtract(mneg,mpos))"
   ]
  },
  {
   "cell_type": "code",
   "execution_count": 6,
   "metadata": {
    "collapsed": true
   },
   "outputs": [],
   "source": [
    "# test\n",
    "decision_test[decision_test > 0] = 1\n",
    "decision_test[decision_test < 0] = -1\n",
    "decision_test[decision_test == 1] = -1000\n",
    "decision_test[decision_test == -1] = 1000\n",
    "\n",
    "y_tp = np.array(y_test)\n",
    "y_tp[y_tp == 1000] = 5000\n",
    "results_tp = y_tp - decision_test\n",
    "\n",
    "y_fp = np.array(y_test)\n",
    "y_fp[y_fp == 1000] = 0\n",
    "results_fp = y_fp - decision_test\n",
    "\n",
    "y_tn = np.array(y_test)\n",
    "y_tn[y_tn == -1000] = -5000\n",
    "results_tn = y_tn - decision_test\n",
    "\n",
    "y_fn = np.array(y_test)\n",
    "y_fn[y_fn == -1000] = 0\n",
    "results_fn = y_fn - decision_test"
   ]
  },
  {
   "cell_type": "code",
   "execution_count": 7,
   "metadata": {},
   "outputs": [
    {
     "name": "stdout",
     "output_type": "stream",
     "text": [
      "291 18 282 9\n"
     ]
    },
    {
     "data": {
      "text/html": [
       "<div>\n",
       "<style>\n",
       "    .dataframe thead tr:only-child th {\n",
       "        text-align: right;\n",
       "    }\n",
       "\n",
       "    .dataframe thead th {\n",
       "        text-align: left;\n",
       "    }\n",
       "\n",
       "    .dataframe tbody tr th {\n",
       "        vertical-align: top;\n",
       "    }\n",
       "</style>\n",
       "<table border=\"1\" class=\"dataframe\">\n",
       "  <thead>\n",
       "    <tr style=\"text-align: right;\">\n",
       "      <th></th>\n",
       "      <th>LDA</th>\n",
       "    </tr>\n",
       "  </thead>\n",
       "  <tbody>\n",
       "    <tr>\n",
       "      <th>tp</th>\n",
       "      <td>291.000000</td>\n",
       "    </tr>\n",
       "    <tr>\n",
       "      <th>fp</th>\n",
       "      <td>18.000000</td>\n",
       "    </tr>\n",
       "    <tr>\n",
       "      <th>tn</th>\n",
       "      <td>282.000000</td>\n",
       "    </tr>\n",
       "    <tr>\n",
       "      <th>fn</th>\n",
       "      <td>9.000000</td>\n",
       "    </tr>\n",
       "    <tr>\n",
       "      <th>accuracy</th>\n",
       "      <td>0.955000</td>\n",
       "    </tr>\n",
       "    <tr>\n",
       "      <th>precision</th>\n",
       "      <td>0.941748</td>\n",
       "    </tr>\n",
       "    <tr>\n",
       "      <th>recall</th>\n",
       "      <td>0.970000</td>\n",
       "    </tr>\n",
       "    <tr>\n",
       "      <th>f1</th>\n",
       "      <td>0.060000</td>\n",
       "    </tr>\n",
       "  </tbody>\n",
       "</table>\n",
       "</div>"
      ],
      "text/plain": [
       "                  LDA\n",
       "tp         291.000000\n",
       "fp          18.000000\n",
       "tn         282.000000\n",
       "fn           9.000000\n",
       "accuracy     0.955000\n",
       "precision    0.941748\n",
       "recall       0.970000\n",
       "f1           0.060000"
      ]
     },
     "metadata": {},
     "output_type": "display_data"
    }
   ],
   "source": [
    "# error measures\n",
    "\n",
    "tp = (results_tp == 4000).sum(axis=0)\n",
    "fp = (results_fp == -2000).sum(axis=0)\n",
    "tn = (results_tn == -4000).sum(axis=0)\n",
    "fn = (results_fn == 2000).sum(axis=0)\n",
    "\n",
    "accuracy = (tp + tn) / (tp + fp + tn + fn)\n",
    "precision = tp / (tp + fp)\n",
    "recall = tp / (tp + fn)\n",
    "f1 = fp / (fp + tn)\n",
    "\n",
    "results = np.array((tp,fp,tn,fn,accuracy,precision, recall, f1))\n",
    "df = pd.DataFrame(results)\n",
    "df.columns = ['LDA']\n",
    "df.index = ['tp','fp','tn','fn','accuracy','precision', 'recall','f1']\n",
    "display(df)"
   ]
  },
  {
   "cell_type": "code",
   "execution_count": 8,
   "metadata": {
    "collapsed": true
   },
   "outputs": [],
   "source": [
    "########### Question 3 ###########\n",
    "## kNN\n",
    "\n",
    "# load data\n",
    "data1 = pd.read_csv(\"hwk2_datasets/DS1/DS1_train.csv\", header=None)\n",
    "data2 = pd.read_csv(\"hwk2_datasets/DS1/DS1_test.csv\", header=None)\n",
    "\n",
    "train = data1.values\n",
    "test = data2.values\n",
    "\n",
    "np.random.shuffle(train)\n",
    "np.random.shuffle(test)\n",
    "\n",
    "# x and y values\n",
    "x_train = train[:,0:-1]\n",
    "y_train = train[:,-1]\n",
    "x_test = test[:,0:-1]\n",
    "y_test = test[:,-1]"
   ]
  },
  {
   "cell_type": "code",
   "execution_count": 9,
   "metadata": {},
   "outputs": [],
   "source": [
    "# distance function\n",
    "def distance(x0, x):\n",
    "    return np.sqrt(np.sum(np.square(x-x0)))"
   ]
  },
  {
   "cell_type": "code",
   "execution_count": 10,
   "metadata": {},
   "outputs": [],
   "source": [
    "# kNN\n",
    "knum_list = [1,3,5,9,15]  # k nearest neighbours list\n",
    "test_results = np.empty(shape=(len(knum_list),600))\n",
    "\n",
    "for n in range(len(knum_list)):\n",
    "    knum = knum_list[n]\n",
    "    y_list = []\n",
    "    for i in range(x_test.shape[0]):\n",
    "        current = x_test[i]\n",
    "        y_slist = []\n",
    "        min_index = []\n",
    "        index = 0\n",
    "\n",
    "        for j in range(knum):\n",
    "            dtemp = 1000\n",
    "            for k in range(x_train.shape[0]):\n",
    "                if k in min_index:\n",
    "                    continue\n",
    "\n",
    "                d = distance(current,x_train[k])\n",
    "\n",
    "                if dtemp > d:\n",
    "                    dtemp = d\n",
    "                    index = k\n",
    "                    continue\n",
    "\n",
    "            min_index.append(index)\n",
    "            y_slist.append(y_train[index])\n",
    "\n",
    "        num = sum(y_slist)\n",
    "        if num > 0:\n",
    "            y_list.append(1000)\n",
    "        else:\n",
    "            y_list.append(-1000)\n",
    "    \n",
    "    y_list = np.array(y_list)\n",
    "    test_results[n] = y_list"
   ]
  },
  {
   "cell_type": "code",
   "execution_count": 11,
   "metadata": {},
   "outputs": [],
   "source": [
    "# test\n",
    "results_tp = np.empty(shape=(len(knum_list),600))\n",
    "results_fp = np.empty(shape=(len(knum_list),600))\n",
    "results_tn = np.empty(shape=(len(knum_list),600))\n",
    "results_fn = np.empty(shape=(len(knum_list),600))\n",
    "\n",
    "for i in range(len(knum_list)):\n",
    "    y_tp = np.array(y_test)\n",
    "    y_tp[y_tp == 1000] = 5000\n",
    "    results_tp[i] = y_tp - test_results[i]\n",
    "\n",
    "    y_fp = np.array(y_test)\n",
    "    y_fp[y_fp == 1000] = 0\n",
    "    results_fp[i] = y_fp - test_results[i]\n",
    "\n",
    "    y_tn = np.array(y_test)\n",
    "    y_tn[y_tn == -1000] = -5000\n",
    "    results_tn[i] = y_tn - test_results[i]\n",
    "\n",
    "    y_fn = np.array(y_test)\n",
    "    y_fn[y_fn == -1000] = 0\n",
    "    results_fn[i] = y_fn - test_results[i]\n"
   ]
  },
  {
   "cell_type": "code",
   "execution_count": 12,
   "metadata": {},
   "outputs": [
    {
     "data": {
      "text/html": [
       "<div>\n",
       "<style>\n",
       "    .dataframe thead tr:only-child th {\n",
       "        text-align: right;\n",
       "    }\n",
       "\n",
       "    .dataframe thead th {\n",
       "        text-align: left;\n",
       "    }\n",
       "\n",
       "    .dataframe tbody tr th {\n",
       "        vertical-align: top;\n",
       "    }\n",
       "</style>\n",
       "<table border=\"1\" class=\"dataframe\">\n",
       "  <thead>\n",
       "    <tr style=\"text-align: right;\">\n",
       "      <th></th>\n",
       "      <th>k=1</th>\n",
       "      <th>k=3</th>\n",
       "      <th>k=5</th>\n",
       "      <th>k=9</th>\n",
       "      <th>k=15</th>\n",
       "    </tr>\n",
       "  </thead>\n",
       "  <tbody>\n",
       "    <tr>\n",
       "      <th>tp</th>\n",
       "      <td>163.000000</td>\n",
       "      <td>150.000000</td>\n",
       "      <td>165.000000</td>\n",
       "      <td>156.000000</td>\n",
       "      <td>166.000000</td>\n",
       "    </tr>\n",
       "    <tr>\n",
       "      <th>fp</th>\n",
       "      <td>154.000000</td>\n",
       "      <td>149.000000</td>\n",
       "      <td>145.000000</td>\n",
       "      <td>145.000000</td>\n",
       "      <td>146.000000</td>\n",
       "    </tr>\n",
       "    <tr>\n",
       "      <th>tn</th>\n",
